281892016;2858523145;2858523144;
281892016;2858523144;2858523143;
281892016;2858523143;2858523142;
281892016;2858523142;2858523138;
281892016;2858523138;2858523137;
281892016;2858523137;2858523139;
281892016;2858523139;2858523140;
281892016;2858523140;2858523133;
281892016;2858523133;2858523132;
281892016;2858523132;2858523129;
281892016;2858523129;2858523128;
281892016;2858523128;2858523126;
281892016;2858523126;2858523127;
281892016;2858523127;2858523130;
281892016;2858523130;2858523131;
281892016;2858523131;1509040534;
281892018;1509040534;2858523134;
281892018;2858523134;2858523135;
281892018;2858523135;2858523136;
281892018;2858523136;2939856684;
281892018;2939856684;2939856685;
281892018;2939856685;2939856686;
281892018;2939856686;2858523141;
281892018;2858523141;2939856678;
281892018;2939856678;2939856679;
281892018;2939856679;2939856680;
281892018;2939856680;2939856681;
281892018;2939856681;2939856682;
281892018;2939856682;2939856683;
281892018;2939856683;2858517942;
281891400;2858517953;2858517952;
281891400;2858517952;2858517951;
281891400;2858517951;2858517950;
281891400;2858517950;2858517949;
281891400;2858517949;2858517948;
281891400;2858517948;2858517947;
281891400;2858517947;2858517946;
281891400;2858517946;2858517945;
281891400;2858517945;2858506098;
281891400;2858506098;2858517944;
281891400;2858517944;2858517943;
281891400;2858517943;2858517942;
281891400;2858517942;2858517941;
281891400;2858517941;2858517940;
281891400;2858517940;2308212934;
281891400;2308212934;2858517938;
281891400;2858517938;2858517937;
281891400;2858517937;2858517936;
281891400;2858517936;2858517935;
281891400;2858517935;2858517934;
281891400;2858517934;2858517933;
281891400;2858517933;2858517931;
281891400;2858517931;2858517928;
281891400;2858517928;2858517930;
281891400;2858517930;2858517932;
281891400;2858517932;2858517929;
281891400;2858517929;2858517927;
289507012;2930668608;2858523145;
289507012;2858523145;1590986707;
289507012;1590986707;1509040534;
289507012;1509040534;2944559059;
289507012;2944559059;2944559060;
289507012;2944559060;2944557186;
289507012;2944557186;2930684426;
289507012;2930684426;2930684427;
